0
10
10
100
101
102
103
103
104
104
104
104
104
106
107
107
108
109
109
110
110
112
113
116
116
116
117
119
119
12
12
120
124
127
127
128
131
132
135
136
138
138
147
148
148
148
148
149
150
151
152
153
153
154
156
156
158
159
159
16
161
162
168
17
17
170
171
171
177
179
179
18
182
182
192
193
194
194
194
195
196
197
197
198
198
199
199
2
200
201
201
201
201
202
203
203
203
203
204
204
206
206
209
209
21
210
211
212
212
214
215
216
216
218
22
220
220
220
221
222
222
225
226
226
226
228
229
229
229
23
231
233
235
235
236
236
236
239
239
24
240
241
242
242
242
243
243
245
246
246
246
247
247
248
248
248
250
252
253
254
255
256
256
256
258
26
26
26
261
262
262
264
264
264
266
268
268
270
270
271
271
271
273
274
276
277
278
278
279
28
28
280
280
282
283
283
283
284
286
287
288
290
291
291
292
292
292
293
295
297
300
301
301
303
304
304
306
306
307
307
308
309
310
311
311
314
315
316
319
319
32
32
320
321
322
322
323
323
325
326
327
327
327
329
33
33
33
33
330
330
330
332
333
334
337
34
34
340
340
341
342
343
344
345
345
346
346
347
348
349
350
352
353
354
354
354
354
356
357
358
359
359
360
362
367
369
369
369
37
37
37
370
372
373
373
376
376
376
377
378
378
378
379
379
38
38
38
380
380
381
382
382
383
386
387
387
389
389
39
39
390
390
391
392
392
395
396
396
398
399
399
4
400
401
402
402
405
406
406
407
409
409
41
410
412
413
413
415
416
417
419
42
42
420
421
421
421
423
423
423
424
425
425
425
426
426
426
427
427
428
43
43
430
430
432
432
432
433
435
435
436
436
437
437
437
438
440
440
441
442
445
446
447
448
448
45
451
451
451
453
454
456
457
458
461
462
463
466
466
466
467
467
467
468
47
474
476
477
480
481
481
482
483
483
485
485
493
494
494
494
495
495
496
499
501
502
503
505
507
507
508
508
510
512
513
514
514
515
515
516
518
518
519
519
519
520
520
522
522
522
524
524
524
529
529
530
531
531
531
532
533
533
533
534
535
536
536
537
538
539
54
540
543
543
544
546
546
547
55
550
552
552
553
554
555
555
556
556
557
558
558
56
561
562
562
564
565
566
567
569
57
57
57
571
572
574
574
575
577
578
578
579
579
58
580
581
582
586
586
587
587
587
589
590
590
591
592
593
594
595
595
595
596
597
597
598
598
598
6
602
603
603
604
604
606
609
609
610
611
611
612
612
613
615
615
615
616
617
617
619
619
62
62
620
620
621
623
623
624
625
627
631
631
634
634
635
635
636
636
637
638
639
640
641
642
642
643
646
647
649
649
650
650
650
651
651
653
654
655
656
657
658
659
660
660
660
660
662
662
663
664
664
667
667
668
67
67
67
67
67
670
672
675
677
678
679
68
68
680
681
681
683
685
685
685
686
686
686
688
688
69
69
690
690
690
692
692
692
692
693
694
696
696
698
699
70
70
70
700
700
701
702
703
704
705
706
708
709
709
71
71
711
713
713
713
714
715
715
716
717
718
718
719
719
72
721
721
723
723
725
725
726
726
726
728
728
73
730
731
731
733
735
74
740
741
741
741
742
743
744
744
745
746
746
746
747
747
747
748
749
749
749
75
750
752
754
754
755
755
755
757
757
759
760
761
763
763
763
764
765
766
768
769
77
770
770
772
773
775
776
776
778
779
781
782
783
783
784
784
784
784
785
787
788
789
791
791
792
793
794
795
795
798
799
80
801
802
802
803
804
805
808
809
809
809
81
810
811
816
817
817
818
820
821
821
822
823
824
825
825
826
827
827
828
828
83
830
831
831
832
832
832
833
833
833
837
838
841
841
842
842
845
845
846
847
849
851
851
853
854
854
855
855
856
857
857
859
860
861
862
862
862
863
865
866
866
866
868
869
871
873
873
873
875
876
876
877
877
879
879
88
882
882
883
884
884
885
886
887
887
887
889
889
889
890
890
890
890
891
891
893
894
895
897
899
899
9
90
901
902
902
902
904
909
91
91
91
911
911
912
912
912
914
916
917
918
918
92
921
922
922
924
925
925
927
928
928
929
93
930
930
930
931
931
931
933
933
935
935
936
937
94
940
942
942
943
944
946
946
947
949
949
95
950
952
953
956
96
960
961
961
961
963
967
968
97
970
971
972
972
972
979
979
98
981
981
981
983
985
985
986
988
99
99
99
990
990
991
993
993
994
994
994
995
997
997
998
999
999
999
