1
10
10
10
101
101
101
101
101
102
103
105
106
107
108
108
108
11
110
110
113
113
113
113
116
116
118
119
119
120
122
122
122
123
124
125
125
125
126
126
129
129
129
133
133
133
134
135
137
137
138
138
139
14
141
142
143
144
144
144
144
144
148
151
154
154
154
155
155
155
156
159
159
16
16
16
16
160
160
161
161
163
165
166
166
166
168
168
168
168
169
171
172
176
177
177
178
178
179
179
183
185
186
187
188
188
188
190
190
190
194
195
195
196
196
197
198
199
199
199
200
201
202
202
203
203
203
205
206
209
210
210
211
213
213
214
214
214
215
215
217
218
218
219
22
222
222
223
223
224
224
225
225
226
227
228
228
229
23
230
232
232
233
233
233
233
233
234
235
236
237
238
239
24
24
242
242
242
243
244
244
245
246
247
249
249
25
25
25
250
251
253
254
254
255
257
257
257
26
260
262
262
264
264
264
267
268
271
272
272
272
273
273
273
273
273
273
274
274
275
28
281
284
284
284
284
284
286
287
288
288
289
289
290
292
293
294
296
296
297
297
297
298
298
299
299
30
30
301
302
303
303
303
303
304
305
305
307
307
309
309
309
31
310
312
313
313
314
314
315
315
317
32
320
321
321
323
324
325
326
327
328
33
33
330
330
332
332
332
333
333
334
336
339
34
34
34
340
341
342
343
346
346
347
348
35
351
351
352
352
356
359
36
36
36
360
362
362
363
363
363
364
365
366
367
367
369
371
371
372
372
373
373
374
374
374
375
375
376
378
38
380
380
380
382
384
384
386
386
388
388
388
390
390
390
391
391
393
393
394
394
397
397
398
40
40
40
40
400
400
401
402
403
406
407
407
409
41
41
411
411
411
412
413
414
415
417
417
419
419
419
42
420
420
420
420
421
422
423
423
425
426
426
427
428
428
429
43
43
43
43
431
432
435
436
437
439
441
444
445
445
445
445
446
446
448
450
451
451
453
454
456
458
459
459
461
462
462
464
465
465
465
47
47
470
470
471
471
473
473
475
477
477
478
478
479
48
48
481
481
481
481
484
485
485
485
485
486
487
494
494
495
496
496
497
498
498
499
5
50
500
500
501
501
501
503
503
504
505
505
505
506
506
506
507
508
508
508
508
509
510
511
511
512
512
512
515
516
518
519
519
519
52
520
523
525
526
526
526
526
527
527
528
528
528
528
53
530
530
530
531
533
537
538
538
538
539
540
540
542
546
549
55
551
554
555
557
557
557
558
563
564
566
567
570
570
573
573
573
574
575
575
576
579
58
582
586
587
59
592
592
592
593
594
594
594
596
596
596
6
6
6
60
60
600
600
600
601
601
604
604
604
606
606
609
609
609
61
61
61
610
611
612
612
614
614
615
616
617
619
619
619
62
62
621
622
622
623
625
625
625
627
627
629
63
63
630
633
633
634
635
636
637
638
64
640
641
641
642
642
643
644
645
645
645
647
647
65
65
651
652
653
654
654
654
658
66
660
660
661
664
664
665
666
667
667
667
668
668
668
668
668
669
669
67
670
670
671
671
671
673
674
675
675
676
678
679
680
680
684
685
685
688
692
692
693
694
694
695
695
696
698
698
699
70
700
701
701
702
704
705
705
705
706
706
706
709
710
711
713
713
714
714
714
715
716
718
721
722
723
724
724
725
725
725
726
726
726
726
729
73
732
733
734
734
736
737
737
738
739
74
740
741
742
743
743
743
745
749
749
75
750
751
752
759
76
760
760
761
762
762
762
763
764
764
765
768
769
77
77
770
772
773
774
775
776
776
777
777
777
779
78
78
782
784
785
785
785
787
789
791
793
794
794
795
795
796
796
797
797
798
799
800
801
801
803
803
804
805
806
807
807
809
81
810
812
812
812
812
813
813
815
816
817
818
818
819
819
822
826
827
827
828
828
828
829
830
831
832
832
833
833
833
833
837
837
839
839
841
842
842
843
844
847
85
85
850
851
851
852
853
856
858
858
858
859
860
861
865
868
868
869
869
871
873
873
873
874
876
876
877
878
878
879
879
88
880
880
882
884
884
886
887
888
896
896
898
902
908
909
91
91
910
912
913
913
914
916
916
917
919
919
920
920
921
923
924
924
924
926
928
930
930
934
934
935
936
937
937
938
938
938
94
94
940
940
941
941
943
945
946
946
947
948
949
95
953
953
954
954
957
957
957
958
96
960
961
962
963
965
965
966
967
967
97
970
970
971
973
973
976
976
977
979
979
981
983
983
984
984
985
987
988
99
990
991
992
995
996
996
