0
10
100
100
101
102
103
104
106
106
106
106
107
107
109
109
11
110
110
110
111
112
112
113
117
118
118
119
12
122
122
123
125
125
129
129
13
130
130
131
132
133
133
133
134
135
137
137
138
139
139
139
140
140
140
141
141
142
142
143
144
144
145
148
148
149
15
151
153
153
157
159
16
163
163
165
165
166
166
167
168
169
169
17
17
17
170
170
171
172
172
173
173
176
177
177
182
184
184
184
185
185
185
186
186
187
187
187
188
189
190
191
192
195
196
197
198
198
198
199
199
2
200
200
200
201
203
203
205
205
207
207
207
208
208
208
210
210
210
211
211
212
213
214
217
217
218
219
219
219
219
22
22
221
221
224
225
225
228
229
23
230
230
230
230
231
231
233
233
234
234
234
237
237
238
239
24
24
24
241
243
243
244
244
245
248
248
25
250
252
253
254
255
256
257
258
258
26
262
262
263
263
264
265
265
266
266
268
269
271
274
274
275
275
277
28
280
281
281
281
282
284
284
287
287
287
288
289
289
29
292
294
296
298
298
30
30
300
302
303
303
303
304
304
304
305
306
307
307
307
308
309
31
31
310
310
312
314
316
319
319
320
322
322
323
325
325
326
326
326
327
327
329
33
332
333
333
334
334
334
336
336
338
341
342
343
343
344
344
345
346
347
355
356
357
357
357
357
360
363
364
364
365
367
367
368
369
37
372
373
373
376
376
377
377
378
379
379
379
380
381
382
382
383
384
384
385
385
385
386
386
386
387
388
388
392
395
395
396
397
398
399
4
40
403
406
406
406
407
407
408
41
410
410
410
411
411
413
413
413
413
413
413
414
416
416
416
417
417
418
418
419
420
420
421
421
422
423
424
428
428
428
429
429
429
429
43
433
434
435
436
436
437
437
44
440
440
442
445
445
446
446
447
447
448
448
451
452
452
453
453
453
456
456
457
458
459
46
462
463
465
466
468
468
468
468
470
470
471
472
472
475
476
479
479
48
48
480
482
482
484
486
487
489
49
494
496
496
498
498
499
5
50
500
501
502
504
509
51
51
51
51
511
511
514
517
517
519
52
52
520
523
524
525
526
526
528
528
529
529
53
532
532
532
533
534
535
537
538
541
543
543
543
546
546
546
547
548
548
549
550
550
551
552
555
558
560
560
561
561
561
562
564
565
567
567
568
569
57
57
572
572
573
573
574
575
576
576
579
579
580
580
580
580
580
581
582
583
583
584
587
588
588
589
59
593
593
594
595
595
596
597
598
598
600
600
600
602
602
604
604
604
605
607
607
608
609
609
611
612
614
615
615
616
617
618
618
62
623
623
625
627
627
627
630
631
633
634
635
637
638
64
641
643
643
644
645
645
646
648
648
648
649
65
650
651
651
651
652
652
652
653
653
653
655
655
657
66
66
66
660
660
660
661
662
664
664
664
665
665
668
668
67
671
672
672
673
674
675
677
677
678
679
679
679
682
683
683
683
684
684
686
687
687
688
690
690
691
692
692
694
696
698
701
701
703
703
704
704
706
708
709
71
710
712
712
713
716
716
716
717
718
718
719
719
719
719
72
720
720
721
723
725
725
725
726
728
728
73
730
731
732
732
732
733
734
734
734
735
735
737
738
74
740
741
741
742
742
744
746
747
749
749
749
749
75
75
750
751
751
752
754
754
755
755
755
756
756
757
757
760
760
761
761
763
764
764
764
764
765
765
77
77
770
773
773
775
776
776
776
777
778
779
779
78
78
782
782
783
785
785
785
788
789
792
795
797
797
798
798
8
8
80
801
803
803
804
808
811
814
814
814
815
815
816
816
817
817
818
818
819
819
82
820
820
821
821
822
824
824
825
826
826
827
829
83
83
830
830
831
831
831
832
832
834
834
835
835
838
84
84
840
841
841
844
845
848
849
85
851
852
852
853
854
855
855
855
856
856
856
857
859
859
859
86
862
863
864
865
866
866
867
869
87
87
871
871
872
872
876
878
879
88
88
881
882
882
884
884
888
888
888
889
890
891
892
894
894
895
896
897
897
898
899
90
90
901
902
904
904
905
909
909
91
91
910
913
913
914
914
916
918
92
92
92
92
92
920
920
922
923
923
924
925
926
928
928
930
930
930
932
932
936
936
937
937
939
939
939
94
940
942
943
945
945
948
949
949
951
953
956
956
959
96
962
963
963
963
964
964
965
965
967
969
97
97
970
971
971
972
973
975
976
976
976
976
978
978
98
980
980
980
981
981
982
982
982
982
983
984
985
987
989
992
994
994
995
995
996
998
