0
1
10
100
100
104
104
106
106
108
109
11
110
115
115
115
116
116
117
118
121
122
125
125
126
129
13
130
132
133
136
136
141
141
142
142
144
145
145
146
147
148
148
149
150
150
152
153
153
154
154
154
159
159
16
161
162
166
166
167
168
169
169
169
17
171
172
173
174
174
175
177
178
178
180
180
181
182
184
185
190
190
192
193
194
197
197
2
2
20
201
202
203
204
206
207
207
208
215
217
218
219
22
220
220
221
221
222
222
223
226
226
228
229
229
229
229
23
23
230
230
231
231
233
235
236
236
237
238
238
238
239
239
241
243
244
244
245
245
245
248
25
252
253
255
255
256
257
257
259
261
261
262
262
264
265
267
268
269
269
269
27
27
27
270
270
274
274
275
275
276
278
279
280
281
281
281
281
282
283
287
287
287
289
291
296
296
296
297
298
299
299
3
3
30
30
301
302
303
304
305
306
309
31
310
311
313
314
315
315
318
318
319
32
32
32
320
320
320
321
324
326
327
33
33
333
333
336
338
338
338
339
34
34
341
341
343
343
344
344
345
345
35
35
35
35
350
350
350
352
353
353
353
354
354
354
354
355
355
356
358
359
36
360
361
361
362
362
363
363
363
364
365
367
369
369
37
370
371
373
373
374
374
375
375
378
378
379
379
380
381
382
383
383
383
384
384
387
389
389
390
390
391
392
392
394
395
395
396
397
398
399
4
40
400
401
402
402
404
404
405
405
405
406
406
406
406
408
408
409
41
410
412
414
415
417
418
420
420
422
423
424
427
427
427
43
430
430
431
431
433
434
436
437
437
438
438
439
439
44
440
441
443
443
443
446
447
448
448
449
45
45
45
450
450
451
453
454
456
457
458
458
46
460
461
462
462
462
462
462
466
466
467
468
468
469
47
471
473
475
475
477
477
478
481
482
482
482
486
490
490
491
493
493
495
495
496
497
497
498
499
5
50
501
501
502
502
502
502
504
508
508
508
51
510
511
512
514
515
516
516
516
517
517
517
517
518
518
518
519
52
520
521
521
524
524
524
526
527
528
528
53
53
531
531
531
532
533
534
535
536
536
537
537
541
541
542
542
546
546
547
548
55
55
55
550
553
553
554
554
554
556
557
559
56
56
563
564
565
565
567
567
568
569
569
569
57
57
570
570
571
572
573
573
575
577
578
579
580
580
581
583
583
586
589
59
590
590
593
593
593
594
595
595
595
596
596
597
6
600
602
602
602
604
604
604
605
605
607
607
607
608
608
609
609
609
61
610
611
614
614
614
617
621
625
626
626
628
628
629
630
630
630
633
634
634
636
639
639
639
64
641
641
642
644
644
644
646
646
646
646
647
648
651
654
656
656
657
658
660
660
661
661
661
663
663
663
663
663
663
664
664
666
667
670
671
673
675
676
678
678
68
680
680
681
682
682
684
686
688
688
688
688
69
690
690
691
691
692
692
693
694
694
695
695
698
699
699
70
70
700
700
701
701
701
702
703
704
704
71
71
71
71
71
712
712
713
714
716
716
717
717
718
718
722
722
722
723
724
726
727
727
727
727
728
728
728
731
731
733
733
736
736
738
739
740
743
744
745
745
745
747
747
748
748
749
75
75
75
750
750
752
755
755
755
756
756
757
759
759
76
760
760
763
764
766
767
769
769
77
770
771
772
772
774
774
774
774
775
777
777
778
778
779
78
780
781
782
783
784
787
788
788
789
79
790
790
790
791
792
792
792
792
794
795
795
796
797
797
799
799
8
80
80
800
802
803
804
806
806
806
809
81
81
81
812
813
813
814
814
819
82
820
820
821
821
821
821
823
823
825
826
828
828
829
830
831
831
831
832
832
833
834
836
837
837
838
838
839
84
84
84
840
840
841
842
842
843
844
844
845
845
845
845
846
848
849
850
852
852
853
853
859
859
861
863
864
865
865
866
866
867
868
869
870
870
872
873
873
877
878
88
880
881
883
884
884
884
888
888
889
89
891
892
892
892
892
893
897
897
898
899
90
90
90
901
901
901
902
902
903
904
905
905
905
906
908
908
909
910
910
911
911
913
914
915
915
916
918
919
919
92
92
921
922
922
923
923
925
926
926
927
927
927
928
928
929
93
93
934
934
935
935
937
938
94
940
940
942
943
944
944
945
948
948
951
952
952
952
952
953
956
96
96
961
961
964
966
966
967
967
968
97
970
970
970
972
972
973
974
974
975
976
976
977
977
978
978
98
980
980
980
983
983
983
983
986
987
988
99
990
990
992
992
992
996
997
997
999
999
