1
1
1
10
101
101
102
102
103
104
106
108
108
110
111
113
114
114
117
118
119
120
120
122
122
122
122
123
124
125
127
129
130
130
130
132
132
134
135
136
138
139
14
141
141
144
144
145
145
146
147
151
152
154
154
154
155
155
155
155
156
156
157
158
159
159
159
16
16
160
161
161
161
161
164
165
166
166
168
169
17
17
17
17
170
171
174
175
175
175
175
175
176
176
177
177
177
178
179
180
182
184
186
187
187
187
188
19
191
192
193
196
196
198
199
2
20
20
200
203
204
204
205
205
206
208
208
209
209
209
209
209
21
210
211
211
213
216
217
217
217
218
218
22
222
222
226
227
229
23
231
234
236
236
237
238
239
239
239
24
241
242
242
242
243
246
246
248
250
253
255
255
256
257
257
257
26
261
265
267
267
267
268
27
27
272
272
272
274
276
279
280
282
282
283
283
283
283
284
284
284
285
286
287
288
289
289
29
290
290
290
291
292
293
293
293
294
294
294
297
298
3
30
30
30
30
300
300
302
302
302
302
303
304
305
307
308
308
308
309
31
310
311
312
313
315
315
318
318
319
32
32
320
320
320
321
325
326
326
327
328
328
328
332
333
335
336
336
336
336
337
338
339
339
339
34
34
34
341
342
343
344
345
346
346
346
347
348
349
35
350
355
358
359
359
36
36
360
361
362
364
364
365
367
368
369
37
370
371
371
371
372
372
377
377
377
378
379
380
380
382
382
383
384
385
385
387
387
388
389
389
392
392
396
397
398
398
398
401
402
402
403
404
405
406
408
408
408
408
409
41
410
410
411
412
415
417
42
42
420
421
421
421
422
422
422
422
425
427
427
429
43
432
432
432
433
434
438
439
439
441
444
445
447
448
449
45
45
450
450
451
452
453
453
453
458
458
459
46
461
462
464
465
466
467
467
470
471
472
475
475
476
477
477
48
480
481
481
482
484
485
486
486
486
487
49
491
491
491
492
492
493
494
494
494
495
497
497
497
499
499
499
5
5
50
501
501
501
501
502
502
503
503
504
506
508
508
509
51
51
510
510
511
511
512
514
514
516
517
517
519
520
520
520
523
524
525
525
525
527
528
531
531
534
537
539
54
54
541
541
542
542
542
544
545
547
548
548
552
553
554
554
556
556
557
558
558
56
560
561
561
563
563
563
564
565
565
566
566
567
567
569
570
575
576
577
577
577
577
577
579
58
58
582
584
585
585
586
586
586
586
586
586
587
587
589
590
593
595
596
598
6
6
60
60
60
60
600
601
603
604
605
605
607
607
61
61
61
612
614
614
615
616
617
617
619
62
620
621
621
623
624
624
624
625
626
626
631
631
633
635
637
639
64
640
641
641
641
642
646
650
650
652
653
653
655
655
658
659
659
659
661
661
664
664
668
669
670
670
674
674
675
677
677
678
68
680
682
685
686
687
687
687
689
689
69
691
691
693
694
695
698
7
7
70
701
702
702
703
703
704
704
705
705
707
710
710
713
713
713
714
714
714
714
715
715
717
719
720
721
722
724
725
725
725
727
727
727
729
730
731
731
732
732
733
733
734
734
735
736
738
739
739
740
740
740
742
742
743
746
746
748
75
750
751
751
751
752
753
753
756
76
760
761
761
764
767
767
768
77
77
77
772
772
774
775
779
78
780
780
781
782
782
783
783
784
785
786
787
788
788
789
789
79
79
790
790
792
792
793
795
795
795
796
797
797
798
798
799
799
799
8
802
804
805
805
806
807
807
808
809
81
811
811
811
812
812
814
815
816
816
816
817
819
819
819
82
820
820
821
823
823
824
825
826
826
826
829
829
83
83
830
830
831
832
832
833
834
834
837
838
838
842
844
844
845
845
845
845
845
846
847
848
849
85
85
85
850
851
851
852
853
853
855
856
858
860
861
861
863
864
866
867
867
869
869
869
870
870
870
871
871
871
872
873
873
875
875
876
876
876
876
877
88
881
882
882
884
885
888
888
891
892
894
897
897
898
898
900
900
901
902
902
902
902
904
905
905
908
909
909
909
91
91
910
910
911
912
912
914
915
916
916
916
916
916
917
917
92
921
921
922
922
923
923
925
926
928
929
930
930
932
934
934
935
937
937
937
938
938
939
94
940
941
941
942
942
948
949
949
949
95
95
950
951
951
952
952
953
954
955
956
956
956
956
957
959
96
96
960
961
962
963
965
967
967
970
970
974
974
974
974
976
976
978
978
979
980
981
981
982
982
983
988
99
990
990
991
992
992
993
993
994
994
995
996
997
999
999
999
