1
10
102
102
102
103
103
104
104
104
107
108
109
11
113
113
114
116
117
117
117
118
12
120
121
122
122
122
123
123
124
125
125
126
127
127
13
131
134
135
138
139
14
14
14
140
140
142
142
143
143
145
146
146
148
149
150
150
151
151
151
153
154
154
154
155
155
155
155
156
156
159
159
159
160
161
165
168
169
169
170
172
173
173
173
173
173
173
174
175
177
181
181
182
184
185
185
186
186
186
187
187
189
190
191
192
192
193
193
194
194
194
195
195
197
197
2
2
20
200
200
201
201
201
201
206
207
21
211
214
214
214
215
216
216
217
218
218
22
220
220
221
222
222
223
225
225
226
228
228
229
229
23
23
23
231
231
231
232
233
233
233
237
237
237
238
238
238
24
24
240
241
242
242
243
243
245
245
248
25
250
251
253
254
255
255
256
258
259
26
26
260
265
266
27
27
270
271
274
276
278
279
282
285
285
286
286
286
286
287
287
288
288
288
29
29
291
291
292
293
294
298
298
299
299
299
30
30
300
301
302
303
303
305
309
309
31
31
312
313
314
314
317
317
318
32
323
323
323
326
326
327
327
328
329
33
33
330
330
330
330
331
331
334
334
335
336
336
337
338
338
338
339
341
341
342
342
345
346
348
348
348
349
35
350
350
353
354
354
355
355
356
357
358
36
363
364
365
366
370
372
373
373
374
376
378
379
379
379
38
38
380
383
383
383
383
384
386
387
389
39
39
391
392
394
394
394
395
396
396
398
4
4
4
400
401
401
403
404
404
407
409
410
411
411
411
413
414
414
414
416
419
419
42
420
420
420
422
422
422
423
423
423
424
424
425
425
427
427
428
429
429
43
431
432
433
435
435
435
435
436
437
438
438
439
439
440
442
444
444
446
446
447
447
448
448
449
45
450
451
452
452
453
453
454
454
456
456
458
458
458
459
46
46
460
462
464
465
465
465
466
466
466
469
47
470
471
472
474
475
476
477
477
477
478
478
480
480
480
480
482
482
483
485
485
486
487
488
488
489
489
489
490
494
495
497
498
498
5
5
5
500
501
502
502
504
504
505
507
508
509
509
511
511
511
513
514
514
514
515
515
515
516
517
518
518
518
520
521
523
525
525
525
526
526
526
527
528
529
529
529
529
529
53
532
532
532
532
533
534
534
534
535
536
536
54
541
543
546
546
549
55
551
551
552
552
554
555
555
556
557
557
561
561
561
563
564
566
567
568
57
57
570
572
572
573
573
574
58
580
580
581
582
583
583
584
584
584
586
587
589
589
590
590
592
596
597
598
598
600
602
604
605
61
61
610
611
614
620
620
621
621
621
622
623
624
625
626
626
627
627
629
632
632
632
633
633
634
638
638
639
639
639
639
64
64
640
642
643
648
649
65
65
650
650
651
651
651
654
654
656
657
658
658
66
66
66
660
660
660
661
662
662
664
664
664
665
667
668
669
670
672
673
674
676
679
68
68
681
681
682
683
685
688
688
689
691
691
695
695
696
696
696
698
698
698
698
699
699
699
700
700
704
704
705
705
705
706
710
713
713
714
714
715
715
717
717
717
718
719
719
719
720
722
724
724
724
725
726
726
727
727
728
729
73
73
730
731
732
736
736
739
74
74
74
740
740
741
743
743
745
747
749
751
751
755
757
757
757
760
762
762
762
763
763
763
764
764
765
766
767
768
768
769
77
77
77
770
770
771
773
774
774
778
778
78
781
781
781
783
784
784
785
786
787
789
79
790
794
795
795
795
8
80
800
800
802
804
804
806
806
807
808
809
81
810
811
811
811
812
813
814
814
816
816
817
817
819
819
819
819
820
821
821
823
823
824
825
825
827
827
830
830
830
836
837
837
837
840
840
841
842
843
844
847
848
848
849
851
852
852
853
854
854
854
855
858
858
859
860
860
861
862
863
863
864
870
870
870
871
872
873
873
873
874
876
877
877
878
878
88
880
880
881
881
886
887
888
889
889
889
889
89
890
891
892
894
894
895
895
896
897
898
899
899
9
9
90
90
901
901
904
905
906
906
907
909
91
91
910
910
910
914
915
915
915
916
917
918
918
919
92
92
920
920
920
920
920
925
925
925
928
93
930
932
933
933
933
935
935
935
937
937
938
939
94
94
94
941
943
943
944
946
948
949
950
950
950
950
953
953
954
957
957
959
959
96
96
96
96
961
961
961
962
967
967
969
970
972
973
974
975
975
976
979
980
980
981
981
982
983
983
984
984
986
986
986
987
988
989
989
991
992
993
993
996
997
997
998
998
