0
1
1
100
101
103
103
104
104
104
105
106
106
106
110
111
114
114
114
116
117
119
119
120
122
122
122
123
123
124
125
129
129
13
130
131
131
132
133
135
136
137
138
139
139
139
140
141
143
143
144
145
146
147
147
148
148
148
15
152
152
152
154
156
157
159
159
16
160
160
161
161
162
165
166
168
169
169
172
173
174
177
178
180
181
182
183
185
186
187
187
187
188
188
189
190
190
191
191
191
192
194
195
196
199
199
199
20
201
201
202
203
204
207
208
209
209
210
212
213
213
213
215
216
217
217
218
218
22
22
220
220
220
221
222
223
224
228
23
230
231
232
232
234
234
236
236
245
246
247
248
248
25
250
250
251
253
254
254
254
255
255
255
256
256
258
258
26
26
26
263
263
266
266
267
268
268
268
269
270
271
272
273
274
274
274
274
276
276
279
281
283
286
286
288
288
288
29
292
292
295
295
295
297
297
298
299
299
3
3
3
3
30
30
300
301
301
302
303
303
303
303
304
304
304
304
305
305
306
306
307
308
31
31
31
310
311
311
312
312
313
313
314
315
315
315
317
317
318
319
319
319
320
320
325
325
326
326
327
328
329
33
33
330
331
333
334
337
337
337
338
338
339
345
345
348
35
350
351
352
353
353
353
355
355
356
36
360
360
361
361
361
362
363
363
364
365
365
366
366
368
369
370
370
371
374
375
375
377
378
379
380
385
385
386
386
387
388
388
389
39
39
390
390
394
396
397
4
400
401
401
402
403
403
405
406
406
41
41
410
410
411
411
412
413
413
415
415
415
416
416
420
424
424
429
430
430
431
431
433
434
435
435
436
437
437
437
439
439
440
440
441
442
442
443
444
444
446
446
447
447
449
45
45
45
45
450
450
452
452
452
453
455
455
455
456
457
457
457
458
46
460
460
461
462
462
464
465
465
467
471
471
473
474
474
475
478
478
48
48
480
482
483
483
484
485
485
486
487
487
488
488
488
489
49
490
490
490
491
492
492
492
493
493
494
496
498
498
498
5
5
50
500
502
502
504
504
507
507
509
51
51
51
511
513
514
516
518
519
519
519
521
521
521
523
523
525
526
53
531
531
532
533
533
534
536
537
538
539
540
540
541
543
543
544
545
545
546
546
547
547
547
549
550
550
552
552
554
554
554
557
559
559
562
562
562
563
564
565
565
566
566
567
569
569
57
571
571
573
574
574
574
576
576
577
577
577
58
581
581
581
582
583
584
584
586
586
589
589
59
590
590
591
592
594
594
597
598
598
599
599
60
600
601
601
601
601
602
602
603
604
604
606
607
607
608
609
610
610
610
611
611
612
612
613
613
613
617
617
618
618
62
62
621
621
621
621
623
623
626
627
628
629
630
631
631
631
633
633
633
636
636
639
639
64
641
643
643
643
646
647
647
647
65
65
65
651
652
652
653
653
653
654
659
660
661
664
665
665
665
668
67
672
673
675
675
676
678
679
680
680
680
681
681
682
682
682
688
69
69
691
692
692
695
695
695
696
696
697
698
699
7
701
701
702
703
704
705
706
710
710
715
715
715
715
716
718
718
719
719
721
723
723
725
726
727
727
729
729
730
731
731
732
733
734
738
738
738
739
74
74
742
742
745
746
746
747
748
749
749
749
749
75
75
75
750
751
751
752
752
754
754
755
755
756
756
757
759
76
76
760
762
766
766
768
770
770
770
771
772
773
777
778
78
78
780
782
783
784
784
786
786
786
787
79
790
791
794
795
795
796
797
797
798
798
8
80
802
802
803
805
805
806
806
806
807
808
809
810
814
816
817
818
819
819
82
822
823
823
823
823
824
824
825
828
829
83
83
83
830
830
830
833
834
835
837
837
838
839
839
84
840
847
848
849
850
850
851
851
851
852
853
853
855
856
857
858
859
859
86
862
863
864
864
866
868
869
869
869
871
872
873
874
875
875
876
88
880
882
882
883
884
884
884
886
886
886
886
888
89
89
890
891
892
893
895
895
895
897
897
898
898
899
9
9
90
901
903
903
903
904
905
906
907
908
908
909
909
909
91
91
91
910
910
910
911
912
915
915
915
915
916
918
919
919
919
922
922
922
923
926
928
929
929
929
93
930
932
932
935
935
936
938
938
938
94
941
942
943
943
944
945
946
947
948
948
949
95
951
953
953
954
955
955
957
957
957
957
958
959
959
96
96
961
961
961
962
962
963
963
964
965
968
969
97
970
970
971
975
976
977
978
980
980
981
982
983
984
985
987
987
989
99
990
995
997
997
998
999
999
