1
100
100
101
102
104
106
106
109
11
11
11
11
110
110
112
114
114
114
115
115
115
116
116
117
119
12
12
12
120
120
121
122
122
125
125
126
127
129
129
13
13
130
133
134
135
137
137
138
139
141
141
142
142
143
144
145
147
150
150
151
151
151
154
154
154
155
155
157
16
160
161
161
161
163
164
164
164
165
167
168
169
169
17
170
170
174
176
177
177
177
177
177
179
180
182
183
185
186
187
188
189
190
191
193
193
194
196
199
2
2
2
200
200
200
201
202
203
205
205
206
206
209
212
213
215
217
217
218
219
22
220
220
221
225
225
225
225
226
226
229
229
23
23
23
230
231
231
235
235
236
238
238
238
238
239
240
240
242
243
244
245
246
246
246
246
247
248
249
25
250
251
253
253
253
254
255
255
255
256
256
258
258
259
259
259
26
260
261
261
261
261
262
264
264
264
265
265
267
267
267
268
268
268
268
268
269
27
27
27
27
271
272
275
275
276
276
278
279
279
279
279
279
280
281
282
283
284
285
286
287
288
289
289
292
293
293
294
295
295
295
299
3
3
3
3
3
30
300
300
301
302
303
304
304
305
305
305
307
307
31
31
310
310
312
315
316
318
319
32
32
321
322
323
324
327
327
328
330
330
331
331
331
332
334
335
336
337
338
340
341
343
347
35
35
350
351
351
351
352
352
353
353
354
354
355
356
357
357
359
359
36
360
361
361
362
363
363
364
369
37
371
371
374
375
375
377
377
377
377
378
38
380
380
384
385
386
387
387
388
388
389
389
391
391
391
394
395
396
397
397
40
401
401
403
405
409
41
41
41
412
415
416
416
416
418
419
421
423
428
428
430
431
433
434
435
435
436
437
438
44
440
440
440
441
443
443
444
444
445
446
446
447
451
454
456
456
459
46
46
460
460
462
463
463
463
464
465
465
466
468
469
470
470
471
471
471
471
474
475
476
476
476
477
477
477
477
478
479
480
482
485
485
486
486
49
490
491
491
491
492
494
495
498
498
5
5
5
502
502
503
504
504
505
505
506
506
507
508
509
51
512
512
512
513
513
515
515
517
517
518
519
52
521
524
525
527
529
529
530
530
531
533
533
534
534
534
534
534
534
535
537
537
538
538
54
54
54
540
540
541
542
542
545
546
546
546
547
547
549
553
554
554
554
554
555
555
555
556
559
559
56
56
560
561
561
562
562
562
562
564
564
565
567
568
57
572
572
572
575
575
575
576
576
577
577
578
578
580
580
582
584
584
585
585
585
585
588
589
589
589
590
592
592
593
594
598
598
599
600
600
600
601
601
602
602
602
603
604
605
605
605
608
611
613
614
616
616
617
619
62
620
622
624
624
625
626
627
628
628
63
63
63
631
631
631
632
632
632
633
636
636
638
64
640
640
641
642
642
642
643
645
648
649
65
65
65
650
651
651
654
655
657
659
659
66
660
660
660
660
661
661
664
666
667
668
669
670
671
672
674
674
675
675
677
678
678
678
679
68
681
681
684
685
685
687
689
690
691
692
692
693
693
695
698
698
698
70
70
700
701
703
703
703
705
705
709
709
709
71
710
711
711
712
713
713
714
715
716
717
718
718
719
72
720
723
724
724
726
727
727
730
732
733
733
734
736
736
738
74
74
74
742
742
743
743
744
745
745
746
75
75
750
752
752
753
754
754
755
757
757
758
758
759
759
76
76
760
762
763
763
765
766
767
767
77
77
77
770
771
771
771
772
773
773
773
775
776
776
777
778
78
781
781
781
785
787
787
788
789
79
790
790
791
791
793
795
795
796
798
799
799
80
800
802
803
806
806
806
807
807
808
808
809
809
810
813
813
815
815
816
816
816
818
819
819
82
820
822
823
823
826
827
827
828
828
83
830
831
831
831
832
832
832
832
834
834
835
835
835
838
84
840
841
841
842
843
843
843
843
844
844
845
846
846
847
849
849
849
850
850
850
850
850
853
855
855
855
857
857
857
858
858
858
859
862
862
863
864
865
866
871
871
874
877
877
880
881
881
882
884
888
889
89
89
891
895
895
896
899
899
899
9
900
903
906
906
91
910
910
910
911
915
917
917
918
918
919
919
92
921
922
924
924
927
927
927
931
931
931
932
935
936
937
938
939
94
940
941
942
944
946
947
95
951
951
951
951
954
954
954
954
955
957
957
957
958
958
96
961
965
965
967
968
969
969
969
969
97
97
97
97
97
970
972
973
976
977
978
979
98
981
982
985
986
988
989
99
990
992
992
992
993
993
994
994
996
998
998
999
