1
1
10
103
104
105
108
109
109
11
11
11
11
11
110
110
111
113
114
115
115
119
121
121
121
121
124
124
126
127
129
129
129
132
133
133
134
135
137
138
138
139
14
143
147
148
148
148
148
148
149
149
15
150
153
154
154
155
156
157
159
159
16
160
160
161
161
166
169
169
170
173
174
175
175
176
176
177
177
18
18
180
180
181
181
182
183
184
184
185
185
186
19
19
190
190
191
192
193
194
194
194
194
194
195
196
196
198
198
200
200
202
205
205
206
206
207
208
210
210
210
211
212
213
213
213
215
218
219
220
220
223
225
226
226
226
226
228
23
232
232
233
233
235
236
236
236
237
237
24
240
241
241
242
244
245
248
249
25
25
25
250
255
255
256
256
257
258
260
260
261
264
265
265
265
265
266
266
267
267
269
270
272
273
273
273
274
275
275
278
279
28
282
283
285
287
288
289
29
29
29
291
292
292
292
293
297
297
298
299
301
301
301
302
303
303
303
304
305
306
306
308
308
308
309
31
31
310
311
311
312
312
313
313
315
316
317
318
318
319
320
321
322
323
323
323
324
328
329
334
336
339
339
34
34
34
34
340
341
341
342
342
342
346
348
348
349
349
349
35
35
350
351
351
352
352
352
354
356
357
358
358
359
36
36
360
360
361
361
362
363
364
365
365
366
366
366
366
368
368
368
369
37
37
37
372
375
376
376
377
377
378
379
381
383
385
385
385
385
385
388
389
39
39
390
392
393
393
395
396
399
399
4
40
40
400
400
401
401
402
403
404
404
406
406
41
410
412
412
412
413
416
417
417
417
418
418
419
42
421
422
424
424
425
425
427
427
428
429
43
43
430
432
436
437
438
440
441
442
443
443
443
449
449
449
452
452
453
454
454
457
457
458
459
460
461
461
465
467
468
468
47
47
472
473
476
476
482
483
483
483
483
485
486
487
488
489
49
49
490
490
491
493
493
493
494
494
494
495
497
498
498
498
499
5
5
5
5
500
502
503
504
504
505
505
509
509
51
51
510
510
511
511
515
517
519
522
522
526
526
526
527
53
53
53
531
531
532
532
533
533
536
536
536
538
539
539
539
540
541
541
542
543
544
546
546
547
547
550
551
553
555
555
555
557
557
558
558
559
559
56
560
560
563
566
566
567
568
568
568
569
569
572
572
574
575
576
580
581
584
584
585
586
587
588
588
589
589
589
59
59
591
592
592
596
597
598
598
599
6
60
601
602
602
603
605
606
606
606
609
609
611
612
616
616
617
617
620
621
623
624
625
626
626
627
628
63
630
630
631
631
631
631
632
634
636
636
638
640
640
641
641
642
642
645
645
645
646
646
647
648
648
649
65
650
650
651
652
652
653
655
655
657
657
660
660
661
663
663
664
664
667
668
669
669
669
67
670
670
671
672
673
674
674
675
675
678
678
68
681
683
684
684
684
685
685
685
685
687
687
688
69
690
691
691
691
691
694
694
695
696
698
7
70
70
70
700
700
701
701
702
704
704
705
707
709
709
709
709
710
711
711
712
713
716
716
72
720
721
721
723
724
724
724
724
726
727
727
729
729
73
732
733
733
734
735
735
735
735
735
736
736
737
738
74
74
741
742
742
743
744
744
744
745
749
75
750
750
751
751
754
754
756
756
759
759
760
761
763
763
763
764
764
765
765
766
767
767
77
772
772
772
772
774
776
776
776
778
779
779
78
78
780
780
782
782
783
785
785
785
785
786
787
788
788
789
79
79
79
790
791
791
792
792
793
793
794
795
799
8
80
800
800
801
803
803
804
805
806
808
808
81
810
813
813
813
814
816
82
820
821
823
823
825
827
829
83
831
832
833
833
834
834
835
836
838
838
84
841
843
844
844
847
847
847
848
85
85
85
851
854
854
856
856
858
859
860
862
863
864
864
865
866
866
866
867
868
869
87
87
870
872
874
875
876
877
879
879
882
883
884
884
885
885
885
885
889
89
891
893
894
895
895
895
895
896
896
897
898
898
9
900
900
901
902
906
908
908
909
909
91
910
911
911
911
912
912
913
913
913
914
915
916
916
919
919
92
920
922
923
923
923
924
926
927
928
928
929
929
93
930
931
932
932
934
936
937
937
937
939
940
941
941
942
942
942
943
946
947
947
947
948
950
950
951
953
953
953
953
954
955
957
96
96
962
962
963
964
965
965
969
969
972
972
972
973
973
974
974
975
976
976
976
977
978
98
98
980
981
982
982
982
983
983
984
984
985
986
987
989
989
990
990
991
991
993
996
999
999
999
