0
1
1
1
10
100
100
101
102
104
104
105
106
106
106
107
108
108
109
109
109
110
112
112
113
113
113
114
114
114
118
119
119
122
122
124
124
126
126
127
13
134
135
136
139
14
14
141
142
143
144
144
145
147
147
148
149
149
150
153
154
157
158
159
16
16
160
161
162
163
164
164
164
164
165
165
165
165
168
169
170
170
171
171
172
175
175
176
177
178
179
179
18
180
181
182
183
183
184
184
186
186
188
188
189
19
19
19
190
190
191
191
191
193
194
194
195
196
196
2
200
201
203
203
204
205
206
206
206
208
209
211
211
211
211
212
216
217
219
22
22
221
221
222
223
224
224
225
228
23
23
230
230
230
231
232
232
233
234
234
234
234
235
236
237
238
238
238
238
239
239
24
24
240
243
244
247
247
248
248
249
249
250
251
253
254
254
256
256
257
257
258
258
258
26
262
262
263
264
265
265
265
266
266
267
267
27
27
271
271
271
272
273
274
274
275
275
275
276
277
277
278
279
279
279
280
281
281
284
284
285
286
289
289
29
290
291
291
291
292
293
294
295
295
295
295
296
299
299
3
300
300
301
301
301
303
303
305
307
308
308
309
309
309
31
311
311
313
313
314
314
315
317
317
317
318
319
319
319
32
32
321
322
324
326
327
328
329
329
333
333
334
334
335
337
337
337
338
340
341
341
341
342
343
345
346
346
347
35
353
354
354
358
36
360
360
361
362
363
363
366
367
369
37
370
370
371
373
375
378
379
38
380
380
381
383
384
385
385
386
387
387
387
387
387
388
389
389
389
39
39
391
391
392
392
392
394
396
396
398
398
398
4
4
4
40
400
401
404
406
408
408
411
414
415
417
418
418
419
42
420
420
422
423
424
428
429
429
43
43
430
432
432
433
433
434
436
436
436
437
437
438
439
439
440
441
442
443
445
445
445
445
446
446
45
450
450
451
455
455
455
457
458
459
46
462
463
464
464
465
465
466
466
466
466
466
467
467
468
468
47
472
474
474
477
48
480
480
484
485
485
486
487
487
489
49
49
49
490
490
491
492
492
494
494
496
497
498
498
499
5
506
507
508
509
51
511
513
513
514
517
517
517
518
518
518
519
521
522
524
524
524
527
528
530
530
530
531
531
533
534
534
536
538
539
539
54
541
541
542
544
546
546
549
55
55
551
552
555
556
559
560
561
561
561
562
564
565
566
566
568
568
57
571
572
573
574
577
577
578
579
580
582
583
587
589
589
590
590
592
593
593
593
594
595
596
597
597
598
598
6
6
60
600
601
601
602
602
603
604
605
605
605
608
608
608
609
61
610
611
613
615
616
616
617
618
618
619
619
62
620
620
621
621
622
624
625
625
625
625
625
626
626
627
627
628
629
63
630
631
631
633
633
635
635
635
635
636
636
637
637
638
639
64
640
640
643
643
643
644
644
645
645
647
65
650
651
653
654
655
656
657
658
659
660
661
665
666
667
668
67
672
674
675
675
675
677
677
679
680
681
682
683
683
684
684
685
685
688
688
688
69
69
69
69
690
691
691
693
693
693
694
695
696
696
699
699
7
701
702
704
704
706
706
706
709
710
711
712
712
712
712
714
715
719
72
721
722
722
724
725
726
726
726
727
727
727
728
729
729
731
734
735
736
737
737
739
740
740
741
742
743
746
748
749
749
75
750
750
751
751
754
756
757
757
758
758
759
760
760
761
762
763
764
767
767
768
768
77
77
77
772
774
775
776
776
777
777
778
778
778
779
779
779
78
78
780
781
782
784
785
785
785
789
79
79
790
790
793
794
795
795
796
796
797
798
798
798
799
8
8
80
80
800
801
804
806
810
811
813
813
814
814
814
816
817
818
819
82
82
820
820
821
823
823
824
824
825
83
831
831
833
835
837
839
840
840
841
841
843
844
845
845
846
847
847
847
847
849
852
855
857
857
86
860
864
866
867
87
87
871
872
876
876
876
877
877
877
877
878
879
880
881
883
884
887
888
890
891
891
894
894
894
895
897
9
90
90
902
902
904
904
905
905
906
906
907
907
909
909
910
911
913
913
915
915
918
919
92
921
921
922
922
922
925
925
93
932
932
933
933
933
934
934
934
935
937
938
94
940
944
946
946
946
948
948
948
95
950
950
952
955
955
956
956
957
959
96
96
961
961
961
962
964
964
965
965
965
966
966
968
969
970
970
971
972
974
976
977
978
979
979
98
98
980
981
981
982
983
983
986
987
987
987
988
99
99
990
992
993
993
994
994
994
994
996
996
996
997
997
