327
783
345
681
116
899
828
929
546
291
809
575
533
961
71
293
999
825
592
533
656
649
854
795
246
543
427
401
396
430
503
928
930
650
110
67
833
91
226
620
522
524
256
461
663
220
763
327
28
776
999
928
32
83
755
784
10
104
330
6
508
944
999
713
529
216
785
917
349
357
615
801
719
822
610
290
308
930
22
995
587
587
344
862
971
994
476
519
873
798
946
278
620
483
838
902
640
17
196
62
71
627
360
320
533
222
502
378
24
382
927
493
246
148
589
565
851
979
764
809
696
156
127
376
516
412
678
16
990
26
280
33
354
119
897
203
550
884
315
893
960
662
841
692
772
972
638
47
946
883
323
886
283
119
323
721
642
441
660
209
380
229
250
594
832
799
410
211
855
615
419
329
467
128
319
947
400
766
37
723
703
373
264
755
997
80
216
381
432
846
67
754
887
981
138
508
396
596
845
602
781
889
427
92
494
779
922
243
811
566
346
297
421
417
102
37
792
131
616
170
557
369
107
741
711
918
831
686
99
617
889
156
981
515
266
540
574
698
383
200
662
247
282
574
42
705
248
301
817
392
555
634
615
303
229
442
70
845
827
292
432
611
376
617
752
340
651
728
810
69
817
248
100
726
474
713
808
428
587
390
890
795
201
688
135
598
26
477
99
304
273
182
538
553
38
755
481
149
426
104
358
611
985
832
467
33
824
821
306
860
970
413
679
672
210
590
985
206
499
221
278
558
161
842
623
842
935
949
280
564
518
67
370
544
12
194
715
454
531
543
21
39
825
582
268
993
337
343
718
659
445
379
150
132
802
546
513
159
466
387
300
802
283
904
741
101
683
612
399
578
34
603
350
4
220
136
911
558
97
386
242
590
853
480
520
138
81
914
235
258
702
686
378
778
863
310
392
567
787
556
998
837
841
636
647
379
182
109
9
261
510
791
43
2
67
91
765
577
463
12
90
107
347
438
788
430
348
911
256
206
96
745
262
242
535
222
330
482
925
88
685
197
253
595
311
264
54
579
650
731
943
271
921
93
609
245
95
468
688
935
593
270
451
147
271
254
451
116
847
32
356
104
330
505
520
635
522
284
597
425
690
555
726
198
94
57
621
650
744
495
199
426
854
501
215
367
636
749
373
700
333
875
529
127
432
597
168
692
522
690
56
677
613
423
57
776
112
38
346
391
876
507
17
760
784
909
421
591
201
866
481
598
877
624
231
69
354
204
742
924
325
595
467
274
389
660
717
598
409
154
241
507
953
859
41
197
448
735
162
757
547
670
268
10
159
362
283
39
723
287
359
204
212
536
918
961
192
757
763
402
631
415
901
116
194
726
437
986
791
709
641
877
931
248
104
700
354
354
890
884
865
435
879
246
98
148
420
749
902
421
894
940
314
979
890
75
686
933
849
426
262
483
721
151
271
242
389
604
891
201
433
649
416
701
255
120
709
830
572
805
606
694
341
993
532
554
108
372
828
770
67
612
972
990
658
423
581
225
816
203
457
530
809
327
228
70
252
319
26
747
326
997
387
803
423
113
887
651
562
0
619
623
193
199
685
402
579
713
440
307
334
247
556
153
209
124
106
407
236
603
57
866
552
495
531
675
857
18
77
761
55
793
340
485
203
654
177
685
899
653
28
664
309
304
942
519
728
784
68
775
33
239
937
195
660
704
235
660
789
866
578
104
306
342
23
226
270
292
994
831
239
902
879
316
882
667
399
949
179
277
202
936
664
45
424
690
741
436
518
783
692
782
109
236
749
243
931
967
322
413
435
804
981
586
619
851
994
214
912
453
794
345
321
873
496
226
359
218
715
887
409
699
406
292
991
37
639
716
983
531
586
950
33
236
725
750
646
668
740
730
212
229
580
821
512
539
871
103
369
746
485
534
171
198
642
514
890
447
514
524
625
743
569
876
856
380
681
826
307
62
256
988
466
369
746
395
152
462
571
708
311
171
634
99
862
515
763
748
68
933
930
220
390
744
536
680
731
194
912
925
885
561
562
286
693
609
972
746
288
353
279
823
179
916
437
912
889
276
657
706
446
714
148
203
376
922
862
873
377
70
240
895
963
818
295
91
406
537
784
291
931
405
692
103
322
820
655
440
604
73
733
332
451
631
398
773
696
637
725
754
425
961
148
667
201
718
868
770
719
643
456
117
861
378
301
43
833
448
635
552
38
264
494
747
519
857
833
759
524
158
153
942
425
42
466
968
34
458
72
832
869
855
352
436
494
595
110
882
952
827
769
382
437
233
768
747
891
956
74
58
996
601
188
380
511
262
372
908
202
420
299
617
694
407
558
178
328
172
799
511
454
924
531
887
107
359
694
822
540
540
196
103
914
144
898
710
168
882
229
819
794
785
330
921
425
625
272
484
833
294
108
274
675
990
973
304
236
445
621
668
954
293
459
321
668
575
323
625
390
770
386
16
530
564
22
163
161
768
530
478
705
612
403
402
342
592
271
741
384
485
314
976
313
551
979
636
858
85
992
411
62
129
113
938
465
743
64
938
941
777
660
406
168
122
113
574
685
507
575
923
391
437
878
1
340
411
810
856
129
762
105
610
325
752
633
654
660
909
66
409
793
123
645
6
935
190
508
34
388
795
761
879
272
723
384
60
916
168
420
273
506
419
275
33
199
171
785
388
200
133
508
268
829
336
43
154
25
347
673
860
874
991
203
260
658
309
302
739
965
227
273
35
315
423
159
619
497
305
795
764
214
721
178
412
594
101
78
233
313
422
594
206
520
237
122
782
796
865
43
367
946
503
372
101
116
743
736
218
63
137
373
494
957
332
680
23
937
264
924
67
737
14
166
573
668
205
16
246
388
95
803
179
61
176
334
356
519
273
579
284
995
679
582
797
215
833
797
945
417
225
426
481
451
819
623
777
446
213
888
586
669
641
232
394
671
970
779
242
464
346
979
214
48
10
869
407
913
609
615
419
709
806
451
652
784
400
243
763
238
332
36
169
705
281
116
417
110
444
711
273
470
339
528
516
733
537
154
414
415
841
390
637
542
351
211
947
73
11
668
612
714
155
817
297
501
190
853
716
938
286
332
393
634
142
706
604
726
724
680
333
876
916
28
505
126
776
800
653
734
371
249
593
411
519
77
432
185
203
670
165
943
188
426
851
664
427
32
794
611
713
43
538
839
941
813
233
506
296
629
118
726
481
902
448
948
31
272
600
244
363
714
458
428
144
622
523
965
30
987
470
670
436
503
52
851
364
36
515
775
25
137
919
878
303
155
937
684
600
284
65
230
446
60
96
321
587
567
134
700
75
722
485
419
750
199
125
198
441
706
143
197
445
630
871
776
33
570
530
813
644
760
397
315
640
745
827
465
815
724
250
228
936
715
594
743
725
633
996
129
501
940
223
498
963
217
828
843
481
880
934
273
661
6
494
852
910
77
953
462
421
40
330
254
926
144
376
380
320
352
445
233
262
360
667
880
374
456
668
314
386
804
940
6
401
413
643
144
688
601
485
877
166
737
97
625
760
528
592
832
604
235
160
296
566
148
201
420
144
651
791
702
912
844
667
676
40
701
47
960
732
896
365
297
369
505
161
777
94
896
102
606
101
576
920
842
5
685
859
930
831
695
785
333
210
257
479
177
465
696
704
209
188
692
247
225
324
375
101
99
309
473
596
10
53
837
706
949
186
244
378
477
61
512
120
508
222
119
242
928
139
508
343
619
41
435
693
526
614
962
133
394
981
512
699
985
734
818
496
957
873
555
645
76
257
223
984
94
812
669
967
600
124
307
224
665
803
729
461
213
828
695
847
428
351
647
155
24
812
764
61
988
528
233
312
40
946
740
638
187
725
195
309
119
166
533
518
255
886
58
913
698
765
678
830
481
298
654
126
439
762
203
106
400
510
884
713
195
375
113
627
183
698
257
500
25
827
228
122
450
957
222
327
525
42
742
274
769
538
70
798
110
30
807
873
284
264
751
287
363
546
654
495
233
807
805
953
305
563
288
65
930
828
151
289
273
876
642
290
826
970
50
538
884
973
133
179
774
154
59
879
809
557
267
47
218
801
423
738
635
812
726
616
509
701
374
224
983
478
113
512
156
858
619
362
303
971
976
284
373
527
528
839
459
705
666
34
664
977
251
692
135
310
873
63
160
390
125
506
43
868
362
289
496
190
34
773
833
614
527
868
462
326
919
816
958
596
226
917
36
832
301
74
398
125
549
210
253
671
85
505
168
242
194
714
596
787
504
796
789
284
485
40
108
573
348
303
363
675
199
10
858
382
307
341
239
984
519
88
966
725
138
81
526
622
374
934
380
62
762
645
91
141
159
961
431
138
475
499
498
842
292
38
850
592
471
674
627
642
219
500
196
833
297
604
526
48
837
486
24
869
299
861
557
445
471
55
983
954
606
367
801
429
101
254
78
726
641
671
366
215
570
609
749
453
26
759
214
812
232
177
924
391
920
397
772
818
749
303
487
647
346
393
91
967
317
609
41
526
264
420
108
249
288
473
371
667
557
718
554
298
234
573
202
352
16
16
501
477
539
245
129
541
550
532
821
939
406
738
704
710
982
580
889
163
66
213
604
664
616
346
752
92
221
719
936
725
562
413
184
826
51
683
376
365
611
452
423
275
538
963
524
44
334
678
623
188
604
653
776
637
520
125
17
580
526
298
23
777
458
848
472
694
440
673
894
77
943
386
287
922
543
100
830
664
57
118
765
10
74
142
894
416
211
185
133
471
594
547
153
856
751
840
200
24
111
258
139
926
428
978
22
110
309
757
533
517
420
844
289
996
742
281
708
732
53
815
514
884
602
489
992
749
595
24
641
496
661
930
982
761
725
818
343
598
302
131
416
33
219
208
106
582
341
852
376
310
925
746
949
468
855
465
588
109
720
424
881
49
713
442
819
414
165
198
703
555
494
103
834
336
876
410
677
982
815
142
357
319
445
502
923
406
221
795
417
411
831
650
913
975
303
29
976
262
72
981
407
334
706
655
90
137
732
856
78
965
479
475
417
552
343
448
568
761
256
298
872
347
672
87
750
726
143
939
403
100
312
764
300
819
747
573
296
574
835
91
418
364
964
871
855
561
740
334
866
924
456
648
281
691
459
314
623
998
446
200
28
244
395
96
651
305
224
367
167
548
884
932
199
716
422
760
94
140
2
891
662
859
779
413
241
565
930
692
525
633
303
292
551
287
148
609
614
814
754
604
897
382
277
184
597
387
462
214
257
901
517
166
75
453
144
703
888
593
386
453
419
171
355
153
648
543
560
217
205
413
830
803
356
602
182
600
607
737
701
46
363
378
436
896
797
78
57
248
572
22
595
106
721
942
326
980
16
372
210
923
967
749
717
902
651
776
984
500
144
965
97
210
588
824
928
43
228
763
734
608
217
344
543
816
52
92
498
573
904
342
976
587
83
679
133
107
8
225
735
683
13
307
332
326
898
956
526
914
132
230
399
892
437
97
243
479
67
878
684
528
778
51
429
453
11
910
918
139
130
448
345
92
322
327
816
186
576
550
40
234
776
85
731
825
30
857
398
679
65
773
320
303
437
159
959
913
949
690
59
916
122
696
971
618
413
429
561
440
652
989
395
831
184
951
106
338
0
468
383
653
316
718
937
119
382
937
871
627
511
867
208
801
735
210
186
125
546
325
755
953
420
612
176
282
904
325
853
779
187
396
561
66
203
581
764
456
645
177
30
379
593
690
287
841
529
112
141
687
379
775
598
785
113
435
609
385
470
41
698
755
849
684
429
866
322
971
803
888
509
4
219
166
25
994
635
615
135
980
255
294
385
307
368
207
457
237
831
569
749
719
719
701
207
534
149
231
66
660
863
643
327
804
723
756
269
617
657
579
798
482
649
271
631
265
200
388
15
219
380
263
48
392
233
165
357
754
369
239
265
920
289
869
106
187
284
734
928
17
785
864
470
244
838
854
357
982
468
262
151
567
716
24
104
655
274
583
122
909
730
51
677
532
672
872
832
170
306
742
692
498
668
808
90
130
914
284
845
31
572
288
386
820
529
107
811
797
385
88
788
995
238
501
484
397
792
851
660
73
897
600
169
219
410
205
84
648
765
234
26
940
564
140
134
756
688
580
411
589
112
814
865
344
821
195
138
814
381
364
245
773
446
596
652
528
630
675
237
899
834
549
895
627
716
230
625
820
52
452
407
964
785
185
86
229
333
304
163
920
482
12
980
704
429
170
523
137
718
817
211
451
92
972
218
360
932
98
140
770
480
310
433
862
734
234
87
532
118
827
535
83
981
956
936
250
930
274
882
264
408
668
615
281
511
384
973
201
110
732
123
8
326
546
319
377
969
567
416
584
859
447
436
818
463
129
476
905
189
725
983
357
744
88
253
600
674
519
824
190
487
208
826
728
248
192
133
428
472
817
92
139
212
580
187
233
644
199
50
890
856
172
413
230
764
413
447
48
970
280
679
17
373
168
638
64
384
948
177
323
428
782
822
102
558
686
268
789
275
266
985
336
486
741
909
882
733
117
652
560
852
421
782
945
605
157
751
627
496
829
82
243
410
230
741
537
333
978
665
709
580
682
141
466
51
80
945
660
101
304
5
421
266
646
258
254
757
798
37
976
71
939
377
683
546
445
764
664
835
987
645
832
207
263
749
665
418
203
145
712
583
976
888
995
31
231
504
783
367
468
651
719
575
191
962
197
308
607
198
185
859
169
653
84
618
373
579
173
252
172
388
148
225
712
406
434
760
728
307
841
855
304
379
109
687
499
75
77
994
62
963
634
198
720
91
329
963
671
196
755
879
110
173
643
576
548
178
363
25
790
301
315
45
739
935
630
374
129
471
501
169
458
795
222
389
976
992
901
383
717
75
834
628
641
792
233
174
861
978
748
964
556
344
888
614
180
81
691
772
580
821
553
296
383
408
701
355
580
296
935
897
448
660
769
716
35
116
350
180
496
967
593
911
790
71
33
546
607
781
439
443
229
518
704
456
291
756
443
30
302
197
728
364
866
940
799
527
625
391
490
536
699
597
182
987
255
840
531
779
690
133
792
118
226
104
747
701
997
274
909
712
983
884
694
536
690
394
43
586
34
848
427
267
433
243
154
961
278
336
777
215
775
194
983
870
686
897
633
691
644
512
45
45
664
406
338
44
845
634
809
722
222
504
153
844
174
208
117
149
533
903
661
106
439
359
354
688
269
268
497
614
800
884
239
324
502
318
952
423
70
50
628
866
976
521
31
564
788
495
461
675
570
360
161
918
867
906
559
252
172
783
220
859
602
956
116
952
760
363
296
546
289
717
849
749
524
568
997
524
892
837
570
381
602
948
789
700
869
341
353
2
774
736
774
412
454
569
770
992
53
873
361
828
910
845
575
373
147
281
878
320
937
466
767
491
450
973
146
516
839
722
656
132
90
173
125
688
350
821
759
153
820
806
410
872
475
84
910
68
605
609
309
361
218
819
915
639
178
32
379
51
514
23
826
814
282
264
401
626
237
948
738
375
908
462
371
362
983
892
5
722
40
10
724
3
764
940
190
774
166
934
733
852
893
141
518
75
644
405
363
658
661
589
974
915
162
482
980
93
466
404
832
23
206
508
666
830
972
47
299
791
692
345
541
81
508
387
899
236
923
999
71
245
883
148
248
630
850
833
390
868
905
680
563
404
902
154
477
831
352
928
397
825
367
460
777
892
0
942
490
716
34
602
255
840
646
992
970
344
11
481
354
780
548
750
688
405
46
831
736
431
565
731
727
678
90
926
990
256
57
8
287
531
614
473
951
581
121
636
813
339
177
661
207
980
802
755
554
516
727
535
519
244
259
437
748
572
782
820
676
667
608
630
495
990
799
169
521
877
755
136
806
714
415
934
639
755
90
919
226
596
402
694
350
537
136
703
281
77
528
510
353
159
420
142
961
852
760
726
221
604
6
573
853
646
745
333
84
595
517
257
126
76
190
321
56
583
595
692
832
922
916
92
318
945
698
542
270
431
929
682
37
265
596
313
670
531
281
122
150
274
831
727
880
501
84
384
96
104
778
966
319
641
261
269
4
229
395
573
609
152
239
898
269
166
71
168
283
453
125
389
32
902
306
557
938
517
64
427
417
261
482
975
238
752
853
109
607
966
382
369
219
515
944
253
704
287
797
838
502
378
728
338
356
398
518
395
406
396
230
774
812
953
517
145
502
27
142
193
757
644
498
223
682
468
763
400
502
392
611
656
845
458
520
723
766
550
280
409
888
569
901
418
695
33
99
745
52
424
451
236
311
926
792
217
462
968
795
718
245
53
508
406
430
657
747
803
16
838
534
315
82
35
889
712
482
745
788
663
663
320
108
671
462
343
511
279
823
36
358
967
185
374
235
55
430
145
983
57
402
828
197
891
911
731
468
892
905
201
230
943
595
96
299
542
569
262
326
845
159
1
35
988
55
654
345
297
663
56
275
905
680
609
88
167
842
977
362
974
718
115
567
629
384
220
792
663
844
660
823
626
678
821
870
379
304
98
864
590
571
462
414
771
270
276
927
743
100
375
110
71
651
733
664
115
262
537
499
305
378
365
354
996
970
617
972
881
684
681
422
449
2
594
32
797
89
642
528
727
701
141
790
804
590
310
925
927
605
144
663
244
577
13
92
106
287
702
203
71
41
192
450
457
478
646
583
663
477
380
486
327
986
784
927
908
928
621
443
238
728
221
59
759
608
175
977
493
408
130
517
750
100
532
756
604
55
390
202
75
303
440
944
516
565
970
769
526
70
370
448
693
369
228
699
610
93
320
829
846
22
952
343
245
921
578
865
181
673
865
338
493
467
648
607
241
547
567
713
914
184
154
593
554
353
354
231
437
229
772
441
806
794
919
392
863
20
80
373
554
69
438
541
427
469
169
275
27
837
204
639
17
913
27
978
600
593
238
821
836
333
229
688
999
843
579
842
80
405
462
406
207
884
740
438
97
814
695
923
257
281
904
35
744
79
94
3
341
524
553
150
952
647
61
436
604
298
901
813
434
446
634
231
787
171
420
399
646
841
859
873
115
78
922
475
355
314
497
700
796
30
980
778
383
148
81
447
503
239
525
717
313
949
703
982
751
783
687
236
450
280
60
979
845
978
517
458
300
838
742
853
922
981
612
976
77
542
722
36
767
798
950
787
902
161
486
877
151
209
653
882
114
102
320
829
725
17
992
267
731
246
941
31
775
290
77
990
379
255
387
940
405
388
110
831
675
367
921
922
408
298
3
586
746
626
909
154
780
750
670
304
308
512
29
902
49
326
863
691
930
156
677
519
605
664
678
624
504
563
952
283
471
685
829
884
68
41
844
34
767
175
494
912
288
209
993
892
908
118
736
714
372
326
901
284
94
377
915
788
45
897
466
951
738
974
704
949
885
916
318
134
267
79
916
548
32
378
870
85
631
869
339
871
170
368
909
819
165
198
937
166
623
130
338
850
935
406
439
564
130
70
501
293
751
154
290
432
916
481
687
452
209
175
704
427
359
187
732
585
873
710
995
335
949
658
196
337
7
60
349
805
495
99
748
659
256
422
328
78
227
20
631
641
702
830
774
792
531
383
499
642
751
177
875
14
871
577
554
8
284
467
727
159
956
970
246
508
17
954
339
333
129
928
155
655
575
832
689
187
772
494
287
408
619
689
441
255
734
596
492
328
646
5
962
175
659
993
336
360
687
625
222
401
910
845
348
361
217
621
761
499
217
715
104
290
199
680
239
826
327
565
491
289
832
434
503
729
144
226
487
994
740
451
184
318
938
364
848
724
398
453
734
272
486
124
294
101
713
798
88
307
795
876
420
19
76
421
182
617
91
51
200
760
978
36
517
216
61
125
845
593
525
904
799
209
297
740
902
585
486
177
586
510
127
929
432
957
347
641
888
81
445
871
756
122
187
825
921
910
422
923
566
308
898
525
204
17
725
344
925
470
283
753
980
152
976
788
204
967
614
783
34
900
371
387
768
624
727
95
385
218
339
999
7
914
586
888
120
485
981
560
191
472
633
900
210
974
805
616
217
477
2
891
779
16
824
50
615
309
587
867
312
992
61
677
449
294
617
196
10
577
342
320
144
502
942
912
106
30
561
380
849
577
725
293
639
548
458
5
139
325
833
807
350
145
389
385
32
166
577
461
842
315
380
433
539
371
205
403
811
410
508
369
355
909
982
132
528
795
497
155
23
547
881
816
586
69
714
823
730
397
242
796
826
856
96
302
516
42
475
211
336
661
544
983
614
346
45
27
804
664
527
412
601
492
250
911
494
477
241
974
161
894
377
566
321
43
291
702
876
960
858
698
464
965
37
346
721
186
371
154
682
336
569
938
934
480
670
691
510
159
740
514
332
567
155
537
789
35
42
123
257
739
531
193
999
336
30
713
714
847
132
782
905
807
302
520
218
108
733
92
970
785
22
491
570
714
58
1
75
408
743
138
974
821
545
425
453
62
302
213
556
509
103
557
720
809
917
1
626
16
476
60
953
285
60
772
231
951
257
802
558
136
941
916
272
294
459
364
501
713
82
242
661
799
6
669
54
222
923
113
652
389
793
422
377
674
695
48
444
122
343
838
963
731
520
497
534
17
607
860
715
282
120
565
816
411
511
83
873
209
141
171
175
311
108
991
541
305
429
994
160
320
816
830
415
834
955
95
274
996
253
179
605
206
637
851
56
707
370
501
102
988
693
834
119
764
694
315
701
21
268
384
159
365
866
781
997
147
6
589
916
727
180
211
635
851
786
169
600
586
905
917
999
229
417
192
650
475
820
77
554
674
710
735
598
653
130
567
930
514
146
952
590
875
853
563
604
861
733
844
372
292
438
742
465
553
208
482
961
410
705
243
846
959
392
845
328
114
499
577
234
511
392
861
83
177
524
782
491
956
161
283
382
164
402
506
176
117
168
926
595
447
897
558
341
346
845
761
122
51
790
175
421
145
239
797
481
752
30
155
934
584
203
85
1
141
541
956
576
24
284
54
624
484
398
520
282
819
178
659
937
746
358
176
811
248
302
85
956
289
812
799
814
283
819
345
58
948
398
265
620
641
655
552
668
815
64
497
732
402
812
276
556
855
806
261
308
91
939
188
111
453
686
876
789
408
493
942
501
719
607
882
396
237
753
310
20
603
359
586
876
409
837
267
427
820
122
238
404
30
790
158
448
852
823
864
808
208
792
422
780
872
293
937
523
421
990
286
279
362
27
79
869
797
705
156
898
870
242
563
34
257
205
46
579
157
467
587
303
236
174
502
795
542
902
542
382
272
817
784
640
967
703
319
621
462
26
101
869
932
135
439
582
739
300
161
561
650
870
826
96
867
432
450
811
61
68
696
781
930
192
518
354
939
350
959
27
355
11
719
825
168
174
342
489
640
387
291
151
765
396
4
221
74
447
967
165
643
996
781
717
214
768
427
521
346
561
466
950
997
66
401
823
650
604
238
876
590
472
150
789
572
444
959
517
989
502
950
330
459
699
944
574
533
216
139
475
770
970
197
861
266
117
901
731
394
364
808
173
526
851
186
480
583
556
131
350
625
764
682
774
849
478
763
567
920
664
453
819
513
766
458
394
31
583
127
373
358
155
471
66
424
823
811
123
437
890
705
689
24
102
12
806
614
629
33
93
374
47
103
14
365
587
626
639
532
485
32
872
404
877
610
66
80
155
520
863
464
534
74
696
446
605
654
681
300
502
104
14
64
127
584
433
621
216
511
440
458
243
592
414
185
819
423
811
154
621
186
769
39
794
54
191
348
764
181
632
580
892
662
489
762
649
65
627
814
935
984
206
932
237
231
698
465
774
557
438
286
889
386
916
143
688
201
259
819
135
950
260
341
656
409
862
688
783
431
638
918
419
918
155
480
784
529
976
504
156
245
120
31
852
664
639
348
840
448
117
670
312
197
770
288
681
29
757
370
848
490
189
536
223
710
201
228
495
201
896
341
984
907
36
948
983
125
518
57
590
795
858
326
383
220
878
824
920
581
632
763
699
660
762
89
337
323
286
790
937
474
552
26
23
96
691
256
901
287
1
626
973
366
854
620
837
937
218
291
536
253
435
933
920
573
715
669
825
186
298
928
233
258
511
469
953
809
904
338
654
91
816
207
946
989
265
114
226
299
151
383
515
413
673
836
94
142
704
979
276
972
233
668
392
740
998
554
411
837
482
698
175
182
873
975
795
339
435
561
807
435
570
698
78
920
134
837
683
465
126
46
961
515
898
938
448
584
299
9
25
334
327
181
309
546
552
887
451
705
90
889
117
600
698
724
22
466
582
525
353
529
159
727
830
121
993
816
4
949
987
661
736
568
301
762
713
915
855
696
717
739
961
64
173
195
786
138
935
488
303
217
881
596
470
516
96
620
627
39
400
423
23
200
573
193
447
122
73
13
814
847
500
480
917
145
330
420
741
621
94
743
997
532
515
525
915
200
81
651
555
821
895
222
90
173
446
773
943
338
379
214
194
14
439
526
255
873
967
827
151
193
458
238
961
338
323
751
326
632
228
335
483
993
254
330
954
190
407
817
755
787
477
43
878
453
854
30
657
771
323
624
664
357
527
241
9
541
422
485
477
10
722
389
778
842
148
109
278
104
915
679
778
672
215
633
420
172
29
870
435
877
870
848
214
920
860
336
804
925
376
242
886
404
345
529
220
509
5
77
717
23
38
103
497
651
991
802
173
4
543
555
143
2
159
726
880
551
658
195
674
736
889
509
781
870
598
231
146
724
953
113
859
282
153
327
648
58
238
532
602
102
287
92
363
482
477
414
811
122
487
349
439
974
751
763
187
422
728
170
725
45
561
676
237
185
444
566
514
800
251
113
589
160
504
981
73
108
910
840
177
419
303
889
427
572
243
563
2
820
665
55
714
700
42
529
334
33
411
329
480
494
597
745
747
314
957
841
373
888
501
894
667
403
161
96
726
169
660
96
899
508
122
806
514
784
685
330
910
423
456
77
401
270
534
159
24
380
154
242
309
706
436
795
894
507
92
623
899
743
853
123
292
299
20
873
245
420
288
8
719
146
871
450
914
305
232
486
229
194
429
140
248
271
476
715
817
518
704
318
293
5
233
68
986
986
639
218
611
124
874
65
498
429
156
155
187
94
988
317
428
79
184
391
557
528
957
348
30
819
26
768
589
804
910
255
863
732
980
650
740
379
456
140
998
488
700
909
425
880
785
767
941
77
638
505
642
462
757
580
925
398
699
812
383
695
858
286
396
125
821
331
192
730
294
881
925
830
980
532
452
981
720
285
982
5
523
660
229
891
992
104
919
760
969
211
225
452
465
546
718
285
336
201
651
551
810
749
240
852
449
844
950
962
525
331
454
729
328
395
705
21
438
800
424
384
511
394
379
91
905
378
53
478
843
897
622
695
411
983
713
298
46
231
489
57
61
425
933
116
355
354
286
454
935
194
975
830
173
933
639
107
534
432
895
317
169
549
225
383
860
250
279
142
410
342
514
906
313
372
529
719
274
102
535
757
173
442
727
460
906
633
88
288
74
986
222
586
149
598
854
27
302
356
416
35
813
827
154
414
150
662
864
634
38
526
724
584
466
658
564
714
498
237
422
118
691
314
61
943
489
76
904
809
437
566
573
411
388
734
104
152
339
947
680
504
355
977
783
895
22
491
961
749
217
936
651
314
890
375
850
621
457
74
482
838
493
680
719
447
590
679
103
69
133
866
980
345
770
29
999
444
824
210
456
270
675
195
147
696
397
94
534
746
216
959
633
589
452
213
338
328
406
36
538
727
584
86
7
547
766
962
478
361
502
562
532
607
256
474
120
230
521
371
105
803
401
31
488
672
875
370
480
719
65
135
168
964
590
922
703
122
33
958
705
292
213
172
181
782
597
523
402
617
715
437
379
817
876
303
191
647
565
919
185
868
922
403
963
274
465
222
22
232
486
416
915
697
274
440
968
540
906
251
665
643
912
215
0
16
701
388
439
851
137
715
739
484
798
218
601
660
9
825
706
474
20
117
786
562
938
891
361
905
365
101
89
360
858
337
272
386
276
942
886
863
350
545
862
320
752
415
726
730
57
696
643
536
490
733
363
567
698
984
943
998
795
786
695
186
460
802
856
490
51
910
434
360
961
563
79
433
457
682
550
784
288
969
65
236
576
839
519
874
794
531
187
864
759
609
138
460
935
504
315
762
681
203
319
65
182
119
970
915
64
957
75
780
308
576
511
855
370
483
922
450
639
643
899
818
851
509
943
311
745
91
653
915
636
601
378
100
461
410
274
487
485
892
523
926
148
678
816
830
864
488
473
220
723
883
840
929
413
165
447
633
301
582
45
886
911
333
416
75
141
738
805
453
430
837
518
374
599
888
45
929
189
507
880
305
263
833
385
980
178
3
258
747
808
932
631
104
574
641
201
704
353
610
436
837
274
718
366
478
997
196
897
122
449
631
88
756
699
192
946
161
652
754
725
442
413
30
680
299
961
895
177
199
569
869
692
591
106
386
303
212
103
457
131
255
143
188
627
787
664
306
564
268
581
4
910
621
305
983
631
273
475
267
814
415
78
598
246
798
330
778
295
26
795
315
406
5
755
546
169
396
995
23
953
31
873
3
742
139
853
1
987
8
613
851
546
938
190
430
304
903
976
441
884
729
82
338
908
773
544
601
69
806
380
462
955
173
594
320
53
487
363
537
823
594
458
554
304
802
62
209
898
828
152
111
307
571
276
217
30
723
213
5
348
613
636
99
701
114
311
97
51
317
604
653
830
351
626
444
431
304
390
329
160
571
91
446
823
204
160
283
188
62
852
806
124
565
647
76
385
191
232
209
784
607
652
295
258
550
15
710
545
623
281
187
945
612
302
104
268
915
148
639
334
547
1
611
483
114
424
208
356
152
951
601
610
901
140
415
647
368
174
869
916
907
566
312
621
119
749
431
83
971
859
13
169
75
554
526
796
886
884
948
978
366
997
953
256
770
581
96
325
755
455
665
268
611
254
266
738
435
143
941
790
574
918
130
806
95
661
471
962
823
592
617
187
850
600
985
90
50
557
288
949
361
145
218
498
337
84
963
928
498
245
989
770
682
369
554
772
106
452
521
819
847
533
602
412
125
908
688
202
467
440
286
442
315
935
675
326
541
676
313
929
581
306
263
498
513
729
157
114
446
540
58
618
710
46
255
682
768
159
139
159
552
610
166
623
429
3
401
443
424
547
248
771
51
948
247
279
543
633
823
286
148
234
437
494
26
106
49
586
194
300
872
462
751
830
959
162
574
884
326
331
313
41
236
930
738
199
659
819
749
839
139
834
718
250
628
691
220
857
405
797
748
199
420
123
848
234
569
310
975
465
859
147
67
695
549
304
871
45
586
223
516
319
909
411
299
464
39
629
805
653
982
612
375
400
909
403
471
791
288
91
822
525
589
543
439
220
248
559
161
932
584
35
777
292
613
353
849
455
903
654
938
129
492
89
78
608
488
898
254
665
919
559
269
3
228
156
362
224
250
715
531
598
450
760
455
602
318
271
695
519
895
583
500
807
731
514
824
731
882
387
410
853
60
25
319
490
869
603
190
377
312
394
390
599
919
45
496
353
886
910
317
519
552
987
255
668
266
221
493
123
303
301
435
355
577
389
893
577
786
751
352
80
732
83
337
59
26
110
766
757
327
183
83
533
297
146
254
492
295
93
303
201
923
721
31
577
754
207
364
129
48
875
702
365
909
33
144
646
96
981
835
829
756
136
955
297
9
797
957
132
716
897
692
630
957
131
882
521
618
954
539
944
990
606
621
122
999
746
750
253
231
48
903
970
492
325
604
507
116
298
681
485
749
810
742
41
673
752
74
727
502
345
965
562
715
957
154
180
191
39
452
77
972
515
809
144
871
491
261
97
415
322
709
598
70
246
701
598
271
141
96
352
112
364
830
903
969
151
191
75
486
654
992
831
360
125
235
750
391
253
575
546
40
98
239
736
445
316
762
917
822
44
268
201
600
268
64
255
504
170
889
225
818
978
11
428
589
220
559
180
504
582
151
788
150
988
880
351
385
627
394
485
331
919
651
459
620
600
75
689
685
480
238
900
778
541
164
918
145
177
979
70
276
371
834
357
828
538
508
412
225
261
711
947
272
759
434
736
110
267
331
265
116
994
561
310
391
249
179
26
951
993
169
803
318
961
602
463
555
491
617
675
534
388
150
888
990
605
447
246
327
63
592
601
440
931
669
56
718
77
293
384
340
440
832
122
664
832
593
436
718
190
35
463
986
554
12
476
217
375
919
525
470
567
512
46
835
401
375
328
631
906
745
255
791
114
866
244
577
295
776
816
240
951
66
139
215
419
300
767
212
530
640
922
305
937
844
471
849
994
164
931
353
815
114
323
337
251
659
240
790
823
435
477
120
253
638
482
853
752
256
895
219
284
777
238
660
575
921
503
476
589
279
577
13
910
578
678
62
498
955
279
773
877
17
279
810
927
685
633
25
755
361
857
444
315
711
351
806
967
79
23
513
27
754
981
350
437
787
267
881
280
253
622
602
125
441
357
142
164
319
533
771
295
850
147
626
512
614
78
601
80
957
649
679
895
471
182
840
813
84
713
287
827
5
264
289
773
585
846
521
115
692
279
657
304
13
863
819
462
590
828
41
584
276
843
138
353
478
580
397
632
918
576
843
161
186
533
250
22
850
127
843
799
670
529
554
460
553
477
884
727
757
513
765
982
631
405
705
433
256
194
915
157
530
589
293
605
534
899
831
83
260
2
723
359
418
850
177
409
183
35
693
855
278
744
229
671
3
68
281
380
130
374
842
850
802
129
703
827
352
168
507
302
185
49
137
41
30
616
726
709
303
3
129
859
106
380
562
517
238
754
431
807
469
490
229
969
336
495
310
3
225
767
677
936
27
834
217
527
395
674
74
841
717
307
690
279
460
248
800
193
389
465
843
668
177
712
517
27
268
578
965
200
858
775
515
161
1
781
238
119
625
115
770
691
795
580
485
12
151
456
542
163
648
816
695
763
910
838
23
931
91
924
121
874
97
924
3
206
505
206
258
231
347
572
841
389
9
545
958
865
636
745
54
200
659
377
542
672
877
332
97
3
572
288
275
155
506
917
714
932
996
849
855
307
973
199
63
12
584
154
97
703
109
65
268
267
613
556
732
951
724
269
52
719
645
785
954
806
106
221
403
268
226
564
255
562
378
534
519
464
416
881
235
562
675
799
643
477
600
555
71
807
547
443
809
957
789
705
847
299
97
492
440
330
388
631
655
999
681
446
262
476
242
95
698
560
540
5
568
642
684
57
104
927
628
37
209
559
74
944
758
23
942
77
546
772
624
763
32
31
891
940
174
509
305
65
642
16
989
225
502
54
632
202
341
776
743
330
31
72
651
200
781
354
771
356
958
927
616
998
416
243
534
970
354
99
230
294
561
588
628
401
608
134
41
76
709
463
806
547
477
730
321
667
965
177
585
154
599
361
906
855
295
286
120
882
899
264
575
220
857
205
261
506
161
820
700
871
343
935
832
576
65
681
733
835
910
850
641
189
443
114
218
416
864
5
605
143
698
304
167
56
110
331
363
335
444
857
642
941
141
377
808
538
188
831
430
428
154
546
446
258
160
604
757
454
969
666
585
101
170
471
771
275
565
585
369
305
396
377
951
564
795
815
791
753
715
660
977
100
512
796
710
36
734
264
531
177
896
470
259
816
494
819
165
377
11
787
116
421
261
793
846
766
169
524
176
554
502
46
976
592
51
334
11
142
636
826
858
54
992
2
327
231
466
475
38
289
534
247
862
324
540
660
438
938
300
259
939
954
760
122
486
693
126
692
529
781
661
451
387
94
259
491
742
632
603
32
835
733
301
537
985
74
518
236
474
391
456
724
992
246
773
359
92
203
858
832
823
265
650
397
362
549
213
572
371
954
946
808
790
845
100
102
117
468
555
387
245
611
535
471
660
312
758
205
355
292
703
957
282
187
435
2
759
283
534
363
862
76
752
720
11
743
678
196
742
254
640
479
678
351
698
674
338
115
844
137
226
899
554
135
661
911
738
89
602
465
562
537
968
849
727
423
746
998
687
27
624
969
89
63
954
386
594
716
813
993
285
798
246
133
82
713
498
193
619
155
505
588
560
536
547
11
776
742
424
220
483
459
49
923
511
213
778
916
749
624
953
256
127
493
821
866
709
352
896
29
488
124
96
609
976
69
265
104
11
877
785
754
406
270
6
292
541
468
655
924
170
149
664
634
735
893
275
10
393
543
174
25
592
160
891
40
348
563
553
816
854
808
226
510
636
341
155
532
419
339
772
655
406
761
157
652
745
823
646
390
766
358
292
241
786
557
449
385
148
56
376
339
85
194
645
39
884
585
928
53
695
724
531
660
616
437
895
864
690
726
953
860
194
29
929
517
584
376
202
67
844
735
765
232
352
735
273
645
449
16
412
965
184
385
194
522
869
865
287
5
522
505
867
401
863
544
937
105
269
245
356
602
657
242
736
795
36
413
319
443
963
368
843
392
494
428
909
950
598
185
302
975
383
78
671
297
177
652
780
93
37
744
491
792
889
526
546
569
606
250
716
85
208
964
723
493
649
791
957
160
985
306
785
368
193
5
175
678
982
236
763
366
85
776
177
698
691
943
732
324
804
1
312
685
395
580
650
233
89
240
942
19
973
351
301
533
738
7
923
789
244
377
519
684
609
648
884
334
591
919
990
357
210
805
323
366
898
678
505
841
691
121
181
803
526
764
663
704
630
483
814
306
847
349
228
897
874
190
640
81
96
472
126
866
663
291
256
161
735
255
458
980
377
485
340
39
402
685
34
625
29
760
70
990
311
567
616
780
148
509
605
724
272
361
838
92
913
977
299
851
759
74
754
989
303
751
733
716
399
774
558
827
225
323
684
672
772
908
911
729
257
833
685
82
205
220
266
947
129
972
946
823
681
115
452
400
694
352
443
597
934
704
539
756
476
973
782
868
848
412
161
711
947
536
236
321
702
500
183
785
211
467
124
631
351
929
260
984
317
236
641
750
432
800
800
226
490
691
273
744
410
159
982
724
350
991
765
360
454
983
226
119
283
955
366
114
647
476
388
190
198
941
941
143
15
896
47
586
499
978
385
103
115
393
640
440
237
73
566
993
557
176
641
661
566
913
19
358
267
37
942
606
912
669
389
667
939
422
660
721
709
721
568
184
278
495
801
381
274
166
36
43
385
894
729
5
989
498
342
937
735
137
909
976
461
403
362
156
494
836
785
948
194
328
309
568
429
515
911
49
920
701
489
631
192
213
756
782
11
709
574
396
9
465
910
25
288
180
483
417
273
282
879
870
210
200
737
129
98
365
942
599
999
741
858
438
121
47
696
831
63
498
916
87
767
701
35
670
872
612
148
425
969
825
711
311
110
551
542
235
626
265
940
205
28
914
84
734
763
293
829
532
668
953
379
902
68
895
267
497
744
601
793
375
539
779
983
611
648
176
473
569
416
109
74
763
793
712
772
982
316
215
342
803
674
675
589
148
847
691
669
200
70
664
813
265
98
915
346
449
51
378
646
237
212
669
443
974
764
121
951
546
34
452
864
310
953
787
169
538
832
900
461
645
65
303
657
59
912
23
844
705
1
8
965
218
779
191
999
623
862
385
626
589
91
342
111
555
783
159
113
129
559
854
427
181
110
87
908
808
847
503
558
834
148
974
895
417
510
883
323
700
687
707
636
401
453
813
436
285
509
767
986
132
207
72
175
418
260
653
498
366
490
482
80
736
937
241
568
139
879
308
196
487
494
198
265
322
670
427
927
687
109
442
759
359
856
972
969
617
720
255
79
372
59
108
135
810
360
460
792
504
790
954
361
363
349
976
312
700
77
313
859
547
275
688
533
584
279
882
885
53
972
576
885
154
560
194
833
502
621
642
919
150
60
898
304
400
206
483
14
169
173
838
320
885
186
536
18
895
900
424
710
820
233
742
134
365
791
901
572
922
336
794
404
18
11
354
249
404
694
630
441
923
315
650
133
79
138
121
223
984
298
248
264
5
4
991
261
35
540
11
835
932
232
926
195
772
53
305
493
266
541
950
743
75
364
750
417
813
999
684
149
421
25
806
368
206
42
638
631
776
947
412
31
213
932
318
550
674
885
219
341
598
154
258
83
468
486
430
788
289
185
504
555
180
457
31
713
34
555
559
454
727
539
78
303
928
301
313
834
617
987
788
936
138
587
34
457
981
996
153
301
683
79
856
632
526
70
511
588
329
631
931
43
575
41
727
906
602
875
581
297
226
531
182
876
724
685
349
348
673
308
369
308
596
675
627
425
292
799
592
147
51
133
913
37
210
930
962
40
196
651
24
733
751
399
572
318
866
962
628
589
642
603
709
911
527
418
606
620
688
315
626
996
739
303
590
530
944
43
904
909
566
489
27
855
404
785
767
45
291
415
342
552
513
108
640
922
487
178
55
109
524
411
424
582
580
184
696
295
905
729
737
386
222
196
194
633
301
742
296
22
265
363
595
69
590
232
191
986
597
147
508
706
144
206
704
946
485
69
621
578
616
712
371
948
162
997
380
768
757
950
845
561
860
42
240
112
712
980
109
321
104
279
814
83
182
734
392
398
284
490
191
437
888
258
329
932
571
806
844
781
64
660
77
2
346
905
48
891
318
256
790
0
93
709
486
1
367
165
619
360
234
95
257
468
51
303
163
119
688
314
208
749
191
593
485
463
884
13
946
250
531
257
284
274
429
467
175
801
784
337
455
238
876
561
994
600
534
748
170
157
915
620
837
970
831
361
527
328
746
683
971
518
329
291
959
205
843
172
630
522
987
518
763
164
514
373
845
145
36
40
530
408
497
798
615
43
230
948
142
468
631
69
568
593
113
126
401
677
847
498
420
436
223
719
180
714
299
824
799
876
221
271
933
164
195
309
363
31
906
507
179
683
391
821
774
638
601
230
992
818
175
309
134
675
295
346
300
4
938
311
711
841
418
602
790
423
254
78
164
902
779
24
281
445
847
982
541
190
277
560
271
877
19
243
183
387
9
735
266
396
589
171
988
542
38
847
32
666
171
704
904
996
392
785
455
491
224
343
487
722
387
378
113
932
681
102
922
247
4
77
428
937
760
983
658
813
480
106
872
7
380
622
300
950
309
990
972
772
726
72
419
682
148
122
909
751
98
796
688
965
159
955
729
814
432
506
740
750
798
436
913
659
968
299
517
87
764
894
887
441
726
881
940
389
265
778
292
293
394
231
864
114
307
677
913
685
79
817
994
492
186
496
445
338
1
54
639
643
434
274
334
465
322
106
466
814
919
186
305
362
583
244
158
466
825
721
370
833
211
740
442
149
722
143
492
238
22
604
684
499
63
239
795
47
877
387
104
474
725
379
319
524
443
457
779
147
369
979
957
340
464
237
188
768
878
574
75
275
695
657
608
955
603
39
264
598
693
715
618
518
655
136
605
90
517
539
760
754
313
587
981
196
217
701
921
289
224
154
736
672
624
890
168
490
216
541
897
964
106
602
511
82
852
301
650
100
446
86
915
96
625
531
654
258
247
965
19
396
108
253
286
528
99
275
577
277
49
236
181
759
572
385
201
384
317
24
794
165
877
211
702
107
724
239
114
877
392
601
637
656
956
445
811
907
524
466
778
263
978
79
206
211
90
706
319
699
23
165
375
636
613
546
16
712
961
993
691
762
334
160
267
789
265
513
948
345
333
956
179
341
610
831
480
645
62
353
46
593
640
176
281
23
536
964
80
823
144
450
370
438
389
934
933
360
758
451
408
341
440
776
188
429
840
993
629
778
225
727
100
164
238
14
910
98
200
122
847
561
934
994
608
124
690
118
467
696
272
679
169
194
232
327
517
635
319
388
494
906
841
183
573
420
69
432
317
39
96
796
966
337
577
981
741
358
635
27
294
934
417
422
113
228
314
627
961
177
60
966
895
308
880
589
291
551
533
295
776
439
962
839
617
16
347
519
450
691
308
546
313
706
728
592
78
204
170
387
290
628
3
894
777
538
568
126
779
279
273
618
127
267
694
605
101
621
484
675
4
743
820
406
925
710
549
110
439
324
635
248
635
756
625
619
609
149
326
879
234
566
876
311
894
477
1
276
918
653
266
693
987
82
271
418
727
643
455
891
433
804
430
699
153
335
810
119
341
534
6
849
385
871
846
946
737
465
389
141
974
87
795
976
970
857
835
637
793
647
750
579
458
780
262
209
280
61
49
249
466
190
605
668
301
824
969
189
99
211
712
616
464
37
337
952
767
8
559
674
693
996
758
631
436
29
366
644
238
206
611
907
727
644
977
233
230
14
987
161
474
785
354
816
777
994
565
254
139
221
922
437
633
109
398
387
279
797
92
398
539
184
285
391
761
248
643
433
979
983
35
262
317
446
684
731
625
381
414
258
965
661
813
667
150
32
665
80
840
278
234
685
596
203
466
193
8
18
651
594
49
65
256
77
902
124
472
462
921
234
645
235
800
636
933
757
5
675
626
530
597
10
866
564
94
249
494
6
57
598
857
625
820
26
555
544
219
608
498
459
105
680
275
775
114
67
203
55
521
751
289
445
562
625
295
400
961
726
782
823
935
251
798
925
997
333
556
749
819
620
112
883
867
383
627
165
19
509
354
212
135
911
